206.727	0.0070
207.113	0.0070
207.498	0.0070
207.884	0.0070
208.269	0.0070
208.655	0.0070
209.040	0.0070
209.426	0.0070
209.812	0.0070
210.197	0.0075
210.583	0.0084
210.969	0.0080
211.355	0.0078
211.741	0.0077
212.127	0.0072
212.513	0.0082
212.899	0.0081
213.285	0.0067
213.671	0.0070
214.057	0.0076
214.443	0.0074
214.829	0.0077
215.215	0.0084
215.602	0.0088
215.988	0.0091
216.374	0.0089
216.761	0.0098
217.147	0.0098
217.534	0.0089
217.920	0.0083
218.307	0.0087
218.694	0.0085
219.080	0.0093
219.467	0.0084
219.854	0.0079
220.240	0.0086
220.627	0.0097
221.014	0.0101
221.401	0.0103
221.788	0.0111
222.175	0.0119
222.562	0.0122
222.949	0.0123
223.336	0.0126
223.723	0.0130
224.110	0.0129
224.497	0.0127
224.885	0.0120
225.272	0.0122
225.659	0.0126
226.047	0.0119
226.434	0.0128
226.822	0.0139
227.209	0.0144
227.597	0.0146
227.984	0.0169
228.372	0.0175
228.759	0.0176
229.147	0.0189
229.535	0.0196
229.923	0.0203
230.310	0.0201
230.698	0.0204
231.086	0.0200
231.474	0.0205
231.862	0.0218
232.250	0.0223
232.638	0.0226
233.026	0.0232
233.414	0.0244
233.802	0.0256
234.191	0.0252
234.579	0.0271
234.967	0.0277
235.355	0.0277
235.744	0.0278
236.132	0.0281
236.521	0.0282
236.909	0.0295
237.298	0.0300
237.686	0.0297
238.075	0.0290
238.463	0.0297
238.852	0.0293
239.241	0.0301
239.629	0.0305
240.018	0.0306
240.407	0.0306
240.796	0.0322
241.185	0.0328
241.574	0.0334
241.963	0.0331
242.352	0.0334
242.741	0.0334
243.130	0.0329
243.519	0.0329
243.908	0.0329
244.297	0.0331
244.687	0.0331
245.076	0.0325
245.465	0.0317
245.855	0.0319
246.244	0.0322
246.634	0.0324
247.023	0.0321
247.413	0.0330
247.802	0.0334
248.192	0.0342
248.581	0.0351
248.971	0.0341
249.361	0.0334
249.751	0.0348
250.140	0.0354
250.530	0.0352
250.920	0.0346
251.310	0.0349
251.700	0.0346
252.090	0.0342
252.480	0.0345
252.870	0.0351
253.260	0.0353
253.650	0.0358
254.040	0.0362
254.431	0.0360
254.821	0.0363
255.211	0.0355
255.601	0.0355
255.992	0.0351
256.382	0.0351
256.773	0.0351
257.163	0.0356
257.554	0.0349
257.944	0.0341
258.335	0.0334
258.725	0.0327
259.116	0.0326
259.507	0.0322
259.898	0.0318
260.288	0.0330
260.679	0.0332
261.070	0.0330
261.461	0.0329
261.852	0.0327
262.243	0.0325
262.634	0.0319
263.025	0.0302
263.416	0.0308
263.807	0.0301
264.198	0.0306
264.589	0.0304
264.981	0.0298
265.372	0.0298
265.763	0.0290
266.155	0.0292
266.546	0.0284
266.937	0.0302
267.329	0.0303
267.720	0.0297
268.112	0.0297
268.504	0.0296
268.895	0.0292
269.287	0.0294
269.678	0.0294
270.070	0.0289
270.462	0.0288
270.854	0.0288
271.246	0.0281
271.637	0.0281
272.029	0.0291
272.421	0.0299
272.813	0.0303
273.205	0.0303
273.597	0.0299
273.989	0.0309
274.382	0.0313
274.774	0.0314
275.166	0.0316
275.558	0.0326
275.950	0.0328
276.343	0.0324
276.735	0.0325
277.127	0.0312
277.520	0.0314
277.912	0.0309
278.305	0.0312
278.697	0.0310
279.090	0.0318
279.483	0.0323
279.875	0.0321
280.268	0.0328
280.661	0.0330
281.053	0.0319
281.446	0.0325
281.839	0.0329
282.232	0.0334
282.625	0.0334
283.018	0.0340
283.411	0.0334
283.804	0.0330
284.197	0.0330
284.590	0.0335
284.983	0.0327
285.376	0.0331
285.769	0.0334
286.163	0.0334
286.556	0.0335
286.949	0.0334
287.342	0.0339
287.736	0.0338
288.129	0.0339
288.523	0.0338
288.916	0.0331
289.310	0.0325
289.703	0.0322
290.097	0.0328
290.490	0.0327
290.884	0.0326
291.278	0.0317
291.672	0.0324
292.065	0.0327
292.459	0.0327
292.853	0.0320
293.247	0.0328
293.641	0.0331
294.035	0.0339
294.429	0.0331
294.823	0.0336
295.217	0.0335
295.611	0.0329
296.005	0.0330
296.399	0.0330
296.793	0.0326
297.188	0.0329
297.582	0.0324
297.976	0.0329
298.371	0.0329
298.765	0.0337
299.159	0.0344
299.554	0.0349
299.948	0.0356
300.343	0.0357
300.737	0.0363
301.132	0.0364
301.527	0.0372
301.921	0.0367
302.316	0.0373
302.711	0.0377
303.105	0.0377
303.500	0.0384
303.895	0.0383
304.290	0.0386
304.685	0.0393
305.080	0.0390
305.475	0.0393
305.870	0.0400
306.265	0.0396
306.660	0.0408
307.055	0.0413
307.450	0.0414
307.845	0.0423
308.241	0.0421
308.636	0.0416
309.031	0.0408
309.427	0.0405
309.822	0.0408
310.217	0.0405
310.613	0.0404
311.008	0.0400
311.404	0.0408
311.799	0.0412
312.195	0.0414
312.591	0.0420
312.986	0.0417
313.382	0.0411
313.778	0.0414
314.173	0.0410
314.569	0.0413
314.965	0.0413
315.361	0.0411
315.757	0.0411
316.153	0.0409
316.549	0.0410
316.945	0.0412
317.341	0.0409
317.737	0.0404
318.133	0.0397
318.529	0.0393
318.925	0.0393
319.321	0.0404
319.718	0.0398
320.114	0.0389
320.510	0.0392
320.906	0.0390
321.303	0.0384
321.699	0.0386
322.096	0.0383
322.492	0.0377
322.889	0.0375
323.285	0.0377
323.682	0.0372
324.078	0.0364
324.475	0.0371
324.872	0.0361
325.268	0.0353
325.665	0.0349
326.062	0.0349
326.459	0.0353
326.856	0.0344
327.253	0.0345
327.649	0.0347
328.046	0.0344
328.443	0.0342
328.840	0.0337
329.237	0.0340
329.635	0.0335
330.032	0.0329
330.429	0.0324
330.826	0.0324
331.223	0.0332
331.621	0.0336
332.018	0.0344
332.415	0.0347
332.812	0.0344
333.210	0.0344
333.607	0.0347
334.005	0.0342
334.402	0.0346
334.800	0.0341
335.197	0.0344
335.595	0.0345
335.993	0.0346
336.390	0.0346
336.788	0.0355
337.186	0.0355
337.583	0.0364
337.981	0.0366
338.379	0.0370
338.777	0.0367
339.175	0.0368
339.573	0.0366
339.971	0.0370
340.369	0.0380
340.767	0.0383
341.165	0.0388
341.563	0.0388
341.961	0.0389
342.359	0.0394
342.757	0.0397
343.156	0.0394
343.554	0.0396
343.952	0.0396
344.350	0.0393
344.749	0.0398
345.147	0.0401
345.546	0.0401
345.944	0.0392
346.343	0.0395
346.741	0.0402
347.140	0.0409
347.538	0.0409
347.937	0.0408
348.336	0.0407
348.734	0.0405
349.133	0.0411
349.532	0.0412
349.931	0.0412
350.329	0.0420
350.728	0.0419
351.127	0.0412
351.526	0.0409
351.925	0.0406
352.324	0.0407
352.723	0.0412
353.122	0.0403
353.521	0.0408
353.920	0.0404
354.319	0.0399
354.719	0.0399
355.118	0.0401
355.517	0.0398
355.916	0.0398
356.316	0.0390
356.715	0.0389
357.114	0.0391
357.514	0.0392
357.913	0.0388
358.313	0.0385
358.712	0.0380
359.112	0.0381
359.511	0.0380
359.911	0.0374
360.310	0.0367
360.710	0.0366
361.110	0.0359
361.510	0.0359
361.909	0.0359
362.309	0.0349
362.709	0.0341
363.109	0.0342
363.509	0.0341
363.909	0.0343
364.309	0.0341
364.708	0.0336
365.108	0.0335
365.509	0.0342
365.909	0.0342
366.309	0.0336
366.709	0.0334
367.109	0.0337
367.509	0.0332
367.909	0.0334
368.310	0.0329
368.710	0.0322
369.110	0.0317
369.511	0.0317
369.911	0.0319
370.312	0.0311
370.712	0.0309
371.113	0.0309
371.513	0.0312
371.914	0.0318
372.314	0.0306
372.715	0.0312
373.115	0.0312
373.516	0.0315
373.917	0.0314
374.318	0.0319
374.718	0.0319
375.119	0.0324
375.520	0.0325
375.921	0.0328
376.322	0.0327
376.723	0.0327
377.124	0.0329
377.525	0.0334
377.926	0.0339
378.327	0.0348
378.728	0.0352
379.129	0.0363
379.530	0.0363
379.931	0.0367
380.332	0.0364
380.734	0.0370
381.135	0.0374
381.536	0.0374
381.938	0.0378
382.339	0.0391
382.740	0.0388
383.142	0.0381
383.543	0.0381
383.945	0.0385
384.346	0.0391
384.748	0.0396
385.149	0.0391
385.551	0.0400
385.953	0.0406
386.354	0.0411
386.756	0.0418
387.158	0.0423
387.560	0.0428
387.961	0.0437
388.363	0.0441
388.765	0.0446
389.167	0.0445
389.569	0.0435
389.971	0.0435
390.373	0.0439
390.775	0.0443
391.177	0.0455
391.579	0.0457
391.981	0.0467
392.383	0.0477
392.785	0.0488
393.187	0.0484
393.590	0.0486
393.992	0.0491
394.394	0.0491
394.796	0.0483
395.199	0.0481
395.601	0.0474
396.004	0.0479
396.406	0.0479
396.808	0.0494
397.211	0.0506
397.613	0.0508
398.016	0.0517
398.419	0.0527
398.821	0.0526
399.224	0.0520
399.627	0.0520
400.029	0.0523
400.432	0.0517
400.835	0.0515
401.238	0.0516
401.640	0.0509
402.043	0.0510
402.446	0.0512
402.849	0.0509
403.252	0.0507
403.655	0.0509
404.058	0.0512
404.461	0.0519
404.864	0.0520
405.267	0.0526
405.670	0.0536
406.073	0.0522
406.477	0.0512
406.880	0.0508
407.283	0.0502
407.686	0.0492
408.090	0.0496
408.493	0.0497
408.896	0.0497
409.300	0.0500
409.703	0.0493
410.106	0.0489
410.510	0.0481
410.913	0.0480
411.317	0.0483
411.720	0.0485
412.124	0.0496
412.528	0.0498
412.931	0.0498
413.335	0.0482
413.739	0.0457
414.142	0.0443
414.546	0.0435
414.950	0.0438
415.354	0.0434
415.758	0.0429
416.162	0.0424
416.565	0.0417
416.969	0.0423
417.373	0.0427
417.777	0.0426
418.181	0.0426
418.585	0.0428
418.990	0.0425
419.394	0.0424
419.798	0.0438
420.202	0.0457
420.606	0.0470
421.010	0.0484
421.415	0.0496
421.819	0.0507
422.223	0.0506
422.628	0.0511
423.032	0.0521
423.436	0.0519
423.841	0.0506
424.245	0.0502
424.650	0.0495
425.054	0.0496
425.459	0.0481
425.863	0.0472
426.268	0.0468
426.673	0.0470
427.077	0.0467
427.482	0.0464
427.887	0.0463
428.291	0.0457
428.696	0.0455
429.101	0.0458
429.506	0.0461
429.911	0.0469
430.315	0.0468
430.720	0.0470
431.125	0.0452
431.530	0.0436
431.935	0.0426
432.340	0.0425
432.745	0.0433
433.150	0.0447
433.556	0.0458
433.961	0.0458
434.366	0.0457
434.771	0.0450
435.176	0.0442
435.581	0.0441
435.987	0.0443
436.392	0.0440
436.797	0.0441
437.203	0.0443
437.608	0.0442
438.014	0.0445
438.419	0.0454
438.824	0.0454
439.230	0.0463
439.635	0.0462
440.041	0.0472
440.447	0.0483
440.852	0.0492
441.258	0.0500
441.663	0.0506
442.069	0.0508
442.475	0.0502
442.881	0.0514
443.286	0.0515
443.692	0.0524
444.098	0.0528
444.504	0.0526
444.910	0.0521
445.316	0.0528
445.722	0.0528
446.128	0.0538
446.534	0.0535
446.940	0.0541
447.346	0.0539
447.752	0.0529
448.158	0.0529
448.564	0.0523
448.970	0.0525
449.376	0.0534
449.783	0.0534
450.189	0.0531
450.595	0.0527
451.001	0.0530
451.408	0.0523
451.814	0.0522
452.220	0.0517
452.627	0.0519
453.033	0.0524
453.440	0.0523
453.846	0.0524
454.253	0.0528
454.659	0.0546
455.066	0.0547
455.472	0.0545
455.879	0.0544
456.285	0.0553
456.692	0.0559
457.099	0.0575
457.506	0.0588
457.912	0.0593
458.319	0.0604
458.726	0.0611
459.133	0.0616
459.540	0.0618
459.946	0.0607
460.353	0.0602
460.760	0.0603
461.167	0.0594
461.574	0.0593
461.981	0.0597
462.388	0.0599
462.795	0.0622
463.202	0.0635
463.610	0.0650
464.017	0.0670
464.424	0.0687
464.831	0.0690
465.238	0.0688
465.646	0.0674
466.053	0.0671
466.460	0.0665
466.867	0.0652
467.275	0.0646
467.682	0.0645
468.090	0.0639
468.497	0.0628
468.905	0.0614
469.312	0.0591
469.720	0.0580
470.127	0.0582
470.535	0.0584
470.942	0.0582
471.350	0.0572
471.757	0.0583
472.165	0.0591
472.573	0.0607
472.981	0.0618
473.388	0.0621
473.796	0.0613
474.204	0.0608
474.612	0.0614
475.020	0.0627
475.427	0.0629
475.835	0.0629
476.243	0.0619
476.651	0.0612
477.059	0.0609
477.467	0.0614
477.875	0.0632
478.283	0.0635
478.691	0.0644
479.099	0.0651
479.508	0.0656
479.916	0.0667
480.324	0.0672
480.732	0.0676
481.140	0.0685
481.549	0.0685
481.957	0.0687
482.365	0.0688
482.774	0.0691
483.182	0.0705
483.590	0.0720
483.999	0.0752
484.407	0.0796
484.816	0.0895
485.224	0.1064
485.633	0.1194
486.041	0.1225
486.450	0.1168
486.858	0.1024
487.267	0.0881
487.676	0.0806
488.084	0.0757
488.493	0.0733
488.902	0.0732
489.310	0.0725
489.719	0.0720
490.128	0.0717
490.537	0.0714
490.946	0.0711
491.354	0.0708
491.763	0.0701
492.172	0.0689
492.581	0.0690
492.990	0.0695
493.399	0.0700
493.808	0.0691
494.217	0.0687
494.626	0.0675
495.035	0.0668
495.444	0.0666
495.853	0.0679
496.263	0.0683
496.672	0.0674
497.081	0.0660
497.490	0.0654
497.900	0.0648
498.309	0.0661
498.718	0.0674
499.127	0.0677
499.537	0.0674
499.946	0.0670
500.356	0.0666
500.765	0.0671
501.174	0.0675
501.584	0.0690
501.993	0.0696
502.403	0.0699
502.812	0.0694
503.222	0.0686
503.632	0.0680
504.041	0.0677
504.451	0.0678
504.861	0.0671
505.270	0.0669
505.680	0.0669
506.090	0.0678
506.499	0.0676
506.909	0.0665
507.319	0.0667
507.729	0.0666
508.139	0.0662
508.549	0.0661
508.959	0.0659
509.369	0.0650
509.779	0.0648
510.188	0.0651
510.598	0.0651
511.008	0.0654
511.419	0.0655
511.829	0.0649
512.239	0.0647
512.649	0.0646
513.059	0.0640
513.469	0.0632
513.879	0.0635
514.290	0.0629
514.700	0.0635
515.110	0.0635
515.520	0.0634
515.931	0.0634
516.341	0.0629
516.751	0.0630
517.162	0.0629
517.572	0.0626
517.983	0.0628
518.393	0.0632
518.804	0.0625
519.214	0.0628
519.625	0.0633
520.035	0.0625
520.446	0.0622
520.856	0.0622
521.267	0.0620
521.677	0.0622
522.088	0.0626
522.499	0.0624
522.910	0.0627
523.320	0.0630
523.731	0.0630
524.142	0.0635
524.553	0.0641
524.963	0.0640
525.374	0.0649
525.785	0.0658
526.196	0.0664
526.607	0.0664
527.018	0.0657
527.429	0.0663
527.840	0.0673
528.251	0.0685
528.662	0.0691
529.073	0.0697
529.484	0.0703
529.895	0.0700
530.306	0.0692
530.717	0.0696
531.129	0.0698
531.540	0.0697
531.951	0.0704
532.362	0.0710
532.773	0.0720
533.185	0.0731
533.596	0.0737
534.007	0.0742
534.419	0.0756
534.830	0.0767
535.241	0.0763
535.653	0.0756
536.064	0.0752
536.476	0.0744
536.887	0.0741
537.299	0.0750
537.710	0.0767
538.122	0.0771
538.533	0.0764
538.945	0.0763
539.357	0.0771
539.768	0.0766
540.180	0.0769
540.591	0.0774
541.003	0.0780
541.415	0.0782
541.827	0.0786
542.238	0.0792
542.650	0.0790
543.062	0.0790
543.474	0.0791
543.886	0.0781
544.298	0.0775
544.709	0.0768
545.121	0.0763
545.533	0.0746
545.945	0.0733
546.357	0.0730
546.769	0.0741
547.181	0.0750
547.593	0.0758
548.006	0.0765
548.418	0.0765
548.830	0.0762
549.242	0.0744
549.654	0.0736
550.066	0.0732
550.478	0.0730
550.891	0.0725
551.303	0.0719
551.715	0.0721
552.127	0.0732
552.540	0.0737
552.952	0.0734
553.365	0.0727
553.777	0.0721
554.189	0.0724
554.602	0.0719
555.014	0.0715
555.427	0.0710
555.839	0.0715
556.252	0.0712
556.664	0.0714
557.077	0.0707
557.489	0.0692
557.902	0.0687
558.314	0.0683
558.727	0.0676
559.140	0.0680
559.552	0.0688
559.965	0.0698
560.378	0.0702
560.791	0.0706
561.203	0.0704
561.616	0.0694
562.029	0.0679
562.442	0.0670
562.854	0.0671
563.267	0.0679
563.680	0.0681
564.093	0.0693
564.506	0.0692
564.919	0.0698
565.332	0.0697
565.745	0.0708
566.158	0.0722
566.571	0.0747
566.984	0.0777
567.397	0.0798
567.810	0.0822
568.223	0.0852
568.637	0.0898
569.050	0.0952
569.463	0.0995
569.876	0.1034
570.289	0.1070
570.703	0.1088
571.116	0.1119
571.529	0.1138
571.942	0.1147
572.356	0.1162
572.769	0.1190
573.182	0.1236
573.596	0.1276
574.009	0.1309
574.423	0.1317
574.836	0.1311
575.249	0.1305
575.663	0.1296
576.076	0.1308
576.490	0.1346
576.904	0.1413
577.317	0.1470
577.731	0.1492
578.144	0.1471
578.558	0.1429
578.972	0.1401
579.385	0.1403
579.799	0.1439
580.213	0.1506
580.626	0.1591
581.040	0.1692
581.454	0.1771
581.868	0.1765
582.281	0.1657
582.695	0.1514
583.109	0.1402
583.523	0.1356
583.937	0.1378
584.351	0.1438
584.765	0.1489
585.179	0.1495
585.593	0.1458
586.007	0.1405
586.421	0.1379
586.835	0.1383
587.249	0.1400
587.663	0.1408
588.077	0.1378
588.491	0.1324
588.905	0.1263
589.319	0.1200
589.733	0.1157
590.147	0.1129
590.562	0.1100
590.976	0.1093
591.390	0.1105
591.804	0.1153
592.219	0.1220
592.633	0.1288
593.047	0.1322
593.462	0.1320
593.876	0.1293
594.290	0.1296
594.705	0.1308
595.119	0.1307
595.534	0.1293
595.948	0.1253
596.362	0.1219
596.777	0.1212
597.191	0.1216
597.606	0.1230
598.020	0.1265
598.435	0.1300
598.850	0.1330
599.264	0.1352
599.679	0.1356
600.094	0.1348
600.508	0.1355
600.923	0.1355
601.338	0.1341
601.752	0.1347
602.167	0.1369
602.582	0.1390
602.996	0.1406
603.411	0.1399
603.826	0.1367
604.241	0.1331
604.656	0.1300
605.071	0.1304
605.485	0.1318
605.900	0.1324
606.315	0.1317
606.730	0.1312
607.145	0.1312
607.560	0.1310
607.975	0.1299
608.390	0.1276
608.805	0.1273
609.220	0.1281
609.635	0.1294
610.050	0.1304
610.466	0.1309
610.881	0.1301
611.296	0.1281
611.711	0.1281
612.126	0.1289
612.541	0.1286
612.956	0.1296
613.372	0.1298
613.787	0.1287
614.202	0.1289
614.617	0.1287
615.033	0.1274
615.448	0.1256
615.863	0.1237
616.279	0.1207
616.694	0.1176
617.110	0.1162
617.525	0.1154
617.940	0.1135
618.356	0.1121
618.771	0.1104
619.187	0.1097
619.602	0.1105
620.018	0.1102
620.433	0.1081
620.849	0.1062
621.265	0.1043
621.680	0.1048
622.096	0.1063
622.511	0.1082
622.927	0.1086
623.343	0.1074
623.758	0.1059
624.174	0.1051
624.590	0.1029
625.005	0.1020
625.421	0.1002
625.837	0.0992
626.253	0.0984
626.669	0.0981
627.084	0.0969
627.500	0.0958
627.916	0.0948
628.332	0.0939
628.748	0.0922
629.164	0.0914
629.580	0.0906
629.996	0.0887
630.412	0.0867
630.828	0.0848
631.244	0.0838
631.660	0.0834
632.076	0.0821
632.492	0.0796
632.908	0.0777
633.324	0.0768
633.740	0.0753
634.156	0.0750
634.572	0.0743
634.988	0.0739
635.404	0.0728
635.821	0.0730
636.237	0.0731
636.653	0.0725
637.069	0.0703
637.485	0.0688
637.902	0.0672
638.318	0.0659
638.734	0.0646
639.151	0.0630
639.567	0.0620
639.983	0.0609
640.400	0.0591
640.816	0.0576
641.232	0.0573
641.649	0.0564
642.065	0.0559
642.482	0.0557
642.898	0.0562
643.315	0.0562
643.731	0.0555
644.148	0.0541
644.564	0.0525
644.981	0.0516
645.397	0.0509
645.814	0.0495
646.231	0.0484
646.647	0.0475
647.064	0.0462
647.480	0.0449
647.897	0.0447
648.314	0.0442
648.731	0.0439
649.147	0.0428
649.564	0.0417
649.981	0.0407
650.397	0.0398
650.814	0.0393
651.231	0.0375
651.648	0.0378
652.065	0.0384
652.482	0.0367
652.898	0.0354
653.315	0.0349
653.732	0.0352
654.149	0.0367
654.566	0.0487
654.983	0.0771
655.400	0.1144
655.817	0.1392
656.234	0.1452
656.651	0.1333
657.068	0.1002
657.485	0.0653
657.902	0.0454
658.319	0.0364
658.736	0.0321
659.153	0.0301
659.570	0.0288
659.987	0.0285
660.405	0.0282
660.822	0.0274
661.239	0.0267
661.656	0.0269
662.073	0.0278
662.491	0.0274
662.908	0.0283
663.325	0.0284
663.742	0.0286
664.160	0.0295
664.577	0.0294
664.994	0.0304
665.411	0.0310
665.829	0.0306
666.246	0.0298
666.664	0.0295
667.081	0.0280
667.498	0.0278
667.916	0.0277
668.333	0.0287
668.751	0.0302
669.168	0.0314
669.586	0.0324
670.003	0.0323
670.421	0.0316
670.838	0.0301
671.256	0.0281
671.673	0.0259
672.091	0.0262
672.508	0.0272
672.926	0.0290
673.344	0.0306
673.761	0.0324
674.179	0.0343
674.597	0.0353
675.014	0.0361
675.432	0.0374
675.850	0.0391
676.267	0.0399
676.685	0.0417
677.103	0.0426
677.521	0.0436
677.938	0.0441
678.356	0.0447
678.774	0.0452
679.192	0.0471
679.610	0.0493
680.028	0.0508
680.445	0.0524
680.863	0.0546
681.281	0.0562
681.699	0.0573
682.117	0.0587
682.535	0.0599
682.953	0.0612
683.371	0.0627
683.789	0.0650
684.207	0.0676
684.625	0.0707
685.043	0.0733
685.461	0.0749
685.879	0.0766
686.297	0.0787
686.715	0.0797
687.133	0.0797
687.551	0.0806
687.970	0.0814
688.388	0.0820
688.806	0.0822
689.224	0.0832
689.642	0.0840
690.060	0.0849
690.479	0.0861
690.897	0.0871
691.315	0.0869
691.733	0.0866
692.152	0.0866
692.570	0.0872
692.988	0.0869
693.406	0.0863
693.825	0.0861
694.243	0.0850
694.661	0.0855
695.080	0.0854
695.498	0.0860
695.917	0.0861
696.335	0.0864
696.753	0.0883
697.172	0.0901
697.590	0.0912
698.009	0.0900
698.427	0.0902
698.846	0.0896
699.264	0.0904
699.683	0.0919
700.101	0.0930
700.520	0.0936
700.938	0.0959
701.357	0.0997
701.776	0.1039
702.194	0.1087
702.613	0.1147
703.031	0.1196
703.450	0.1227
703.869	0.1255
704.287	0.1279
704.706	0.1295
705.125	0.1305
705.543	0.1317
705.962	0.1330
706.381	0.1381
706.800	0.1436
707.218	0.1487
707.637	0.1524
708.056	0.1543
708.475	0.1559
708.893	0.1569
709.312	0.1578
709.731	0.1591
710.150	0.1610
710.569	0.1636
710.988	0.1655
711.407	0.1663
711.826	0.1666
712.244	0.1667
712.663	0.1667
713.082	0.1680
713.501	0.1702
713.920	0.1731
714.339	0.1740
714.758	0.1733
715.177	0.1728
715.596	0.1720
716.015	0.1701
716.434	0.1679
716.853	0.1663
717.272	0.1656
717.692	0.1661
718.111	0.1678
718.530	0.1691
718.949	0.1701
719.368	0.1697
719.787	0.1692
720.206	0.1697
720.625	0.1705
721.044	0.1704
721.464	0.1704
721.883	0.1715
722.302	0.1715
722.721	0.1723
723.141	0.1725
723.560	0.1739
723.979	0.1757
724.398	0.1764
724.818	0.1786
725.237	0.1808
725.656	0.1827
726.076	0.1840
726.495	0.1836
726.914	0.1825
727.334	0.1809
727.753	0.1788
728.172	0.1781
728.592	0.1781
729.011	0.1790
729.431	0.1807
729.850	0.1821
730.270	0.1857
730.689	0.1894
731.108	0.1917
731.528	0.1921
731.947	0.1909
732.367	0.1879
732.786	0.1850
733.206	0.1842
733.625	0.1857
734.045	0.1873
734.465	0.1877
734.884	0.1873
735.304	0.1848
735.723	0.1813
736.143	0.1801
736.563	0.1790
736.982	0.1787
737.402	0.1765
737.822	0.1737
738.241	0.1705
738.661	0.1698
739.081	0.1705
739.500	0.1719
739.920	0.1732
740.340	0.1703
740.759	0.1656
741.179	0.1633
741.599	0.1618
742.019	0.1613
742.438	0.1605
742.858	0.1600
743.278	0.1587
743.698	0.1585
744.118	0.1588
744.538	0.1599
744.957	0.1615
745.377	0.1620
745.797	0.1617
746.217	0.1621
746.637	0.1640
747.057	0.1650
747.477	0.1655
747.897	0.1656
748.317	0.1650
748.737	0.1651
749.156	0.1655
749.576	0.1684
749.996	0.1714
750.416	0.1734
750.836	0.1729
751.256	0.1719
751.677	0.1710
752.096	0.1686
752.517	0.1681
752.937	0.1708
753.357	0.1739
753.777	0.1765
754.197	0.1774
754.617	0.1780
755.037	0.1771
755.457	0.1771
755.877	0.1774
756.297	0.1790
756.718	0.1808
757.138	0.1840
757.558	0.1854
757.978	0.1837
758.398	0.1816
758.819	0.1802
759.239	0.1804
759.659	0.1824
760.079	0.1845
760.499	0.1846
760.920	0.1839
761.340	0.1815
761.760	0.1771
762.180	0.1737
762.601	0.1716
763.021	0.1715
763.441	0.1720
763.862	0.1730
764.282	0.1745
764.702	0.1739
765.123	0.1736
765.543	0.1718
765.964	0.1671
766.384	0.1629
766.804	0.1574
767.225	0.1540
767.645	0.1534
768.066	0.1566
768.486	0.1599
768.906	0.1626
769.327	0.1625
769.747	0.1608
770.168	0.1587
770.588	0.1574
771.009	0.1568
771.429	0.1551
771.850	0.1512
772.270	0.1483
772.691	0.1452
773.111	0.1438
773.532	0.1435
773.953	0.1417
774.373	0.1406
774.794	0.1396
775.214	0.1373
775.635	0.1362
776.055	0.1348
776.476	0.1338
776.897	0.1328
777.317	0.1312
777.738	0.1290
778.159	0.1285
778.579	0.1278
779.000	0.1287
779.421	0.1301
779.841	0.1293
780.262	0.1284
780.683	0.1281
781.103	0.1288
781.524	0.1293
781.945	0.1304
782.366	0.1305
782.786	0.1299
783.207	0.1302
783.628	0.1287
784.049	0.1267
784.470	0.1235
784.890	0.1213
785.311	0.1200
785.732	0.1201
786.153	0.1201
786.574	0.1188
786.994	0.1184
787.415	0.1189
787.836	0.1193
788.257	0.1201
788.678	0.1209
789.099	0.1188
789.520	0.1174
789.941	0.1152
790.362	0.1126
790.783	0.1110
791.203	0.1105
791.624	0.1096
792.045	0.1083
792.466	0.1075
792.887	0.1066
793.308	0.1070
793.729	0.1099
794.150	0.1122
794.571	0.1145
794.992	0.1146
795.413	0.1116
795.834	0.1071
796.255	0.1036
796.676	0.1013
797.097	0.1001
797.518	0.0993
797.940	0.0988
798.361	0.0979
798.782	0.0974
799.203	0.0964
799.624	0.0958
800.045	0.0956
800.466	0.0964
800.887	0.0954
801.308	0.0949
801.729	0.0946
802.151	0.0941
802.572	0.0933
802.993	0.0930
803.414	0.0917
803.835	0.0903
804.257	0.0899
804.678	0.0889
805.099	0.0878
805.520	0.0877
805.941	0.0890
806.363	0.0903
806.784	0.0907
807.205	0.0902
807.626	0.0887
808.048	0.0883
808.469	0.0880
808.890	0.0877
809.311	0.0874
809.733	0.0850
810.154	0.0832
810.575	0.0814
810.997	0.0803
811.418	0.0790
811.839	0.0767
812.261	0.0753
812.682	0.0744
813.103	0.0746
813.525	0.0759
813.946	0.0758
814.368	0.0757
814.789	0.0746
815.210	0.0729
815.632	0.0722
816.053	0.0721
816.474	0.0715
816.896	0.0713
817.317	0.0705
817.739	0.0703
818.160	0.0697
818.582	0.0687
819.003	0.0682
819.425	0.0683
819.846	0.0682
820.268	0.0693
820.689	0.0718
821.111	0.0719
821.532	0.0713
821.953	0.0695
822.375	0.0687
822.797	0.0684
823.218	0.0681
823.640	0.0679
824.061	0.0675
824.483	0.0672
824.904	0.0672
825.326	0.0676
825.747	0.0687
826.169	0.0682
826.591	0.0681
827.012	0.0672
827.434	0.0677
827.855	0.0674
828.277	0.0673
828.699	0.0659
829.120	0.0643
829.542	0.0632
829.963	0.0636
830.385	0.0629
830.807	0.0616
831.228	0.0610
831.650	0.0612
832.072	0.0609
832.493	0.0619
832.915	0.0630
833.337	0.0634
833.758	0.0647
834.180	0.0648
834.602	0.0661
835.023	0.0655
835.445	0.0642
835.867	0.0634
836.289	0.0629
836.710	0.0625
837.132	0.0612
837.554	0.0602
837.976	0.0606
838.397	0.0617
838.819	0.0622
839.241	0.0629
839.663	0.0627
840.085	0.0617
840.506	0.0618
840.928	0.0613
841.350	0.0599
841.772	0.0593
842.194	0.0578
842.615	0.0580
843.037	0.0584
843.459	0.0583
843.881	0.0568
844.303	0.0562
844.725	0.0552
845.146	0.0544
845.568	0.0549
845.990	0.0552
846.412	0.0547
846.834	0.0545
847.256	0.0543
847.678	0.0541
848.100	0.0540
848.522	0.0535
848.943	0.0539
849.365	0.0538
849.787	0.0546
850.209	0.0551
850.631	0.0549
851.053	0.0542
851.475	0.0546
851.897	0.0551
852.319	0.0558
852.741	0.0570
853.163	0.0591
853.585	0.0600
854.007	0.0585
854.429	0.0583
854.851	0.0563
855.273	0.0550
855.695	0.0544
856.117	0.0536
856.539	0.0531
856.961	0.0528
857.383	0.0525
857.805	0.0520
858.227	0.0506
858.649	0.0498
859.071	0.0495
859.493	0.0504
859.915	0.0513
860.337	0.0501
860.759	0.0505
861.181	0.0508
861.603	0.0508
862.025	0.0500
862.447	0.0498
862.869	0.0506
863.291	0.0519
863.714	0.0522
864.136	0.0517
864.558	0.0523
864.980	0.0518
865.402	0.0522
865.824	0.0530
866.246	0.0539
866.668	0.0547
867.090	0.0554
867.513	0.0567
867.935	0.0564
868.357	0.0561
868.779	0.0547
869.201	0.0543
869.623	0.0546
870.045	0.0554
870.468	0.0551
870.890	0.0539
871.312	0.0528
871.734	0.0514
872.156	0.0502
872.578	0.0508
873.001	0.0514
873.423	0.0507
873.845	0.0501
874.267	0.0498
874.689	0.0501
875.112	0.0497
875.534	0.0486
875.956	0.0487
876.378	0.0480
876.800	0.0478
877.223	0.0470
877.645	0.0469
878.067	0.0478
878.489	0.0475
878.912	0.0479
879.334	0.0476
879.756	0.0481
880.178	0.0480
880.601	0.0479
881.023	0.0472
881.445	0.0468
881.868	0.0462
882.290	0.0454
882.712	0.0453
883.134	0.0452
883.557	0.0456
883.979	0.0461
884.401	0.0452
884.824	0.0447
885.246	0.0454
885.668	0.0452
886.091	0.0443
886.513	0.0437
886.935	0.0432
887.357	0.0430
887.780	0.0433
888.202	0.0435
888.624	0.0437
889.047	0.0433
889.469	0.0427
889.891	0.0418
890.314	0.0409
890.736	0.0410
891.159	0.0401
891.581	0.0399
892.003	0.0395
892.425	0.0399
892.848	0.0387
893.270	0.0379
893.693	0.0377
894.115	0.0381
894.537	0.0385
894.960	0.0379
895.382	0.0381
895.805	0.0386
896.227	0.0387
896.649	0.0390
897.072	0.0381
897.494	0.0372
897.917	0.0369
898.339	0.0362
898.761	0.0363
899.184	0.0361
899.606	0.0355
900.029	0.0352
900.451	0.0350
900.873	0.0347
901.296	0.0352
901.718	0.0360
902.141	0.0361
902.563	0.0359
902.986	0.0352
903.408	0.0360
903.830	0.0371
904.253	0.0378
904.675	0.0383
905.098	0.0383
905.520	0.0380
905.943	0.0378
906.365	0.0381
906.788	0.0377
907.210	0.0368
907.633	0.0369
908.055	0.0364
908.477	0.0366
908.900	0.0365
909.322	0.0359
909.745	0.0364
910.167	0.0362
910.590	0.0364
911.012	0.0368
911.435	0.0365
911.857	0.0362
912.280	0.0356
912.702	0.0355
913.125	0.0353
913.547	0.0350
913.970	0.0349
914.392	0.0354
914.815	0.0357
915.237	0.0355
915.660	0.0358
916.082	0.0360
916.505	0.0362
916.927	0.0357
917.350	0.0361
917.772	0.0366
918.195	0.0363
918.617	0.0354
919.040	0.0354
919.462	0.0348
919.885	0.0346
920.307	0.0354
920.730	0.0353
921.153	0.0354
921.575	0.0353
921.998	0.0353
922.420	0.0354
922.843	0.0362
923.265	0.0354
923.688	0.0353
924.110	0.0353
924.533	0.0350
924.955	0.0353
925.378	0.0354
925.800	0.0347
926.223	0.0358
926.646	0.0349
927.068	0.0341
927.491	0.0346
927.913	0.0347
928.336	0.0348
928.758	0.0349
929.181	0.0347
929.603	0.0348
930.026	0.0344
930.449	0.0336
930.871	0.0333
931.294	0.0331
931.716	0.0321
932.139	0.0325
932.561	0.0322
932.984	0.0318
933.407	0.0315
933.829	0.0304
934.252	0.0310
934.674	0.0308
935.097	0.0308
935.519	0.0303
935.942	0.0297
936.365	0.0299
936.787	0.0302
937.210	0.0299
937.632	0.0294
938.055	0.0282
938.478	0.0285
938.900	0.0284
939.323	0.0285
939.745	0.0282
940.168	0.0282
940.590	0.0288
941.013	0.0290
941.436	0.0291
941.858	0.0292
942.281	0.0294
942.703	0.0299
943.126	0.0306
943.549	0.0309
943.971	0.0313
944.394	0.0310
944.816	0.0311
945.239	0.0319
945.661	0.0323
946.084	0.0320
946.507	0.0328
946.929	0.0325
947.352	0.0318
947.775	0.0318
948.197	0.0325
948.620	0.0324
949.042	0.0336
949.465	0.0341
949.888	0.0339
950.310	0.0339
950.733	0.0340
951.155	0.0341
951.578	0.0345
952.000	0.0344
952.423	0.0340
952.846	0.0342
953.268	0.0348
953.691	0.0346
954.113	0.0333
954.536	0.0322
954.959	0.0322
955.381	0.0325
955.804	0.0324
956.226	0.0323
956.649	0.0322
957.072	0.0325
957.494	0.0324
957.917	0.0315
958.339	0.0321
958.762	0.0317
959.185	0.0307
959.607	0.0306
960.030	0.0307
960.452	0.0309
960.875	0.0302
961.298	0.0299
961.720	0.0301
962.143	0.0300
962.565	0.0296
962.988	0.0306
963.411	0.0305
963.833	0.0305
964.256	0.0309
964.678	0.0310
965.101	0.0303
965.523	0.0302
965.946	0.0293
966.369	0.0293
966.791	0.0302
967.214	0.0306
967.636	0.0306
968.059	0.0300
968.482	0.0299
968.904	0.0300
969.327	0.0295
969.749	0.0293
970.172	0.0292
970.594	0.0295
971.017	0.0294
971.440	0.0288
971.862	0.0293
972.285	0.0289
972.707	0.0294
973.130	0.0293
973.552	0.0293
973.975	0.0291
974.398	0.0293
974.820	0.0293
975.243	0.0277
975.665	0.0271
976.088	0.0280
976.510	0.0281
976.933	0.0280
977.356	0.0277
977.778	0.0279
978.201	0.0277
978.623	0.0280
979.046	0.0283
979.468	0.0282
979.891	0.0282
980.313	0.0273
980.736	0.0274
981.159	0.0260
981.581	0.0265
982.004	0.0261
982.426	0.0257
982.849	0.0258
983.271	0.0251
983.694	0.0258
984.116	0.0263
984.539	0.0252
984.961	0.0253
985.384	0.0255
985.806	0.0258
986.229	0.0256
986.652	0.0254
987.074	0.0253
987.497	0.0256
987.919	0.0252
988.342	0.0243
988.764	0.0239
989.187	0.0237
989.609	0.0235
990.032	0.0237
990.454	0.0237
990.877	0.0247
991.299	0.0242
991.722	0.0233
992.144	0.0233
992.567	0.0231
992.989	0.0239
993.412	0.0230
993.834	0.0228
994.257	0.0227
994.679	0.0224
995.102	0.0215
995.524	0.0213
995.947	0.0216
996.369	0.0211
996.792	0.0214
997.214	0.0215
997.637	0.0218
998.059	0.0213
998.482	0.0210
998.904	0.0207
999.326	0.0204
999.749	0.0204
1000.171	0.0203
1000.594	0.0201
1001.016	0.0202
1001.439	0.0200
1001.861	0.0201
1002.284	0.0202
1002.706	0.0195
1003.128	0.0193
1003.551	0.0190
1003.973	0.0188
1004.396	0.0184
1004.818	0.0185
1005.241	0.0183
1005.663	0.0189
1006.086	0.0194
1006.508	0.0193
1006.930	0.0194
1007.353	0.0190
1007.775	0.0188
1008.198	0.0186
1008.620	0.0187
1009.042	0.0184
1009.465	0.0181
1009.887	0.0182
1010.310	0.0180
1010.732	0.0179
1011.154	0.0170
1011.577	0.0167
1011.999	0.0174
1012.422	0.0174
1012.844	0.0171
1013.266	0.0169
1013.689	0.0170
1014.111	0.0172
1014.533	0.0173
1014.956	0.0168
1015.378	0.0168
1015.800	0.0161
1016.223	0.0158
1016.645	0.0158
1017.067	0.0154
1017.490	0.0149
1017.912	0.0145
1018.334	0.0145
1018.757	0.0151
1019.179	0.0148
1019.601	0.0141
1020.024	0.0142
1020.446	0.0144
1020.868	0.0153
1021.291	0.0155
1021.713	0.0144
1022.135	0.0135
1022.558	0.0135
1022.980	0.0130
1023.402	0.0126
1023.824	0.0121
1024.247	0.0119
1024.669	0.0121
1025.091	0.0123
1025.514	0.0131
1025.936	0.0128
1026.358	0.0127
1026.780	0.0128
1027.203	0.0124
1027.625	0.0124
1028.047	0.0121
1028.469	0.0116
1028.892	0.0110
1029.314	0.0106
1029.736	0.0111
1030.158	0.0100
1030.581	0.0097
1031.003	0.0092
1031.425	0.0095
1031.847	0.0093
1032.269	0.0093
1032.692	0.0093
1033.114	0.0095
1033.536	0.0091
1033.958	0.0086
1034.380	0.0091
1034.803	0.0089
1035.225	0.0090
1035.647	0.0092
1036.069	0.0088
1036.491	0.0080
1036.913	0.0078
1037.335	0.0073
1037.758	0.0075
1038.180	0.0074
1038.602	0.0067
1039.024	0.0067
1039.446	0.0064
1039.868	0.0069
1040.290	0.0071
1040.713	0.0079
1041.135	0.0079
1041.557	0.0078
1041.979	0.0075
1042.401	0.0074
1042.823	0.0075
1043.245	0.0067
1043.667	0.0066
1044.089	0.0064
1044.511	0.0062
1044.934	0.0061
1045.356	0.0061
1045.778	0.0062
1046.200	0.0064
1046.622	0.0058
1047.044	0.0059
1047.466	0.0057
1047.888	0.0058
1048.310	0.0059
1048.732	0.0059
1049.154	0.0059
