ression/pls/pls-var.py
100% completed
Optimised number of PLS components:  8
Wavelengths to be discarded  1356
Optimised MSEP  0.3985793358009016

real value: 0     0.5
1     1.0
2     1.5
3     2.0
4     2.5
5     3.0
6     3.5
7     4.0
8     4.5
9     5.0
10    0.5
11    1.0
12    1.5
13    2.0
14    2.5
15    3.0
16    3.5
17    4.0
18    4.5
19    5.0
20    0.5
21    1.0
22    1.5
23    2.0
24    2.5
25    3.0
26    3.5
27    4.0
28    4.5
29    5.0
Name: concentration, dtype: float64
predict value: [[0.58989478]
 [0.79994579]
 [1.51807442]
 [2.08354286]
 [2.5818608 ]
 [2.85904343]
 [3.63962135]
 [3.91099779]
 [4.67818775]
 [4.9351541 ]
 [0.41331899]
 [1.06729979]
 [1.6827494 ]
 [2.09366889]
 [2.60883769]
 [2.97414678]
 [3.711974  ]
 [3.71511742]
 [4.45865365]
 [4.44346396]
 [0.5209974 ]
 [0.8380921 ]
 [1.65596873]
 [1.83896285]
 [2.44150722]
 [3.17561275]
 [3.42756255]
 [4.20613421]
 [4.42348342]
 [5.20612514]]
R2 calib: 0.986
R2 CV: 0.775
MSE calib: 0.029
MSE CV: 0.464